SampleID	S0	S1	S2	S3	S4	S5	S6	S7	S8	S9	S10	S11	S12	S13
CH0012	0.0	0.0	0.0	0.23720608611508134	0.0	27.74931912273002	0.0	26.49656025970138	0.0	6.774581289944705	0.0	0.07519962077507283	38.66713362073374	0
TT0019	0.0	0.07935699419787876	0.0	0.013999813543637434	0.0	26.914631741465993	0.0	12.54754816680776	0.01959763756295353	9.244779794708492	0.0	0.0	51.18008585171329	0
TT0006	0.0	0.0	0.0	0.0	0.0	25.812318867790076	0.0	32.80044398608593	0.07435483526084707	8.405727472742958	0.0	0.06534806115878079	32.841806776961405	0
TT0065	0.0	0.0	0.0	0.0	0.0	42.05936097857878	0.0	10.969370192524424	0.0	5.814924807247059	0.0	0.0	41.156344021649744	0
TT0015	0.0	0.0	0.0	0.0	0.0	27.853244960137236	0.0	41.48950522467307	0.0	4.1747413765564145	0.0	0.0	26.482508438633296	0
TT0011	0.0	0.0	0.0	0.0	0.0	20.17905231683414	0.0	11.556969388610613	0.07777894872855336	8.879757138417505	0.0	0.03444974896920365	59.27199245843998	0
CH0016	0.0	0.15639545493329007	0.0	0.0	0.0	38.30441485813661	0.0	26.7159229857045	0.0	5.2374109498894335	0.0	0.0	29.585855751336172	0
KL0043	0.0	0.0	0.0	0.0	0.0	30.024575494521237	0.0	36.16835238097242	0.0	6.624092852471515	0.0	0.0	27.182979272034807	0
KL0022	0.0	0.0	0.0	0.0	0.0	45.63768425022429	0.0	9.572422810820969	0.0	4.267571204466569	0.046499100132348536	0.017244843433852332	40.458577790921964	0
TT0038	0.0	0.0	0.0	0.0	0.0	28.225042814463237	0.0	26.29582333386939	0.18924875562587434	5.48883639548463	0.0	0.0	39.80104870055686	0
CH0050	0.0	0.0	0.0	0.0	0.0	41.66491019465222	0.0	14.397789468263273	0.07791418949900128	3.863787686220689	0.0	0.0	39.99559846136481	0
TT0010	0.0	0.0	0.0	0.0	0.0	35.453802360097406	0.0	24.744058722682567	0.0	7.736542963373373	0.0	0.0	32.06559595384665	0
KL0036	0.0	0.0	0.0	0.0	0.0	33.84990323688029	0.0	24.362163292996836	0.0	9.18107771763273	0.0	0.1902713592554422	32.41658439323471	0
TT0031	0.0	0.0	0.0	0.0	0.0	50.79896065711169	0.0	3.618396628666118	0.0	3.044378298642876	0.0	0.0	42.53826441557931	0
CH0018	0.0	0.49251385759961164	0.0	0.0	0.0	37.757272728184326	0.0	23.053260834718273	0.0	4.964109654820289	0.0	0.15537872308363462	33.57746420159386	0
KL0023	0.0	0.11009368818597257	0.0	0.0	0.0	31.778913259256107	0.005353163175942135	26.757836148526586	0.0	5.665339375531439	0.0	0.08580779298421516	35.59665657233975	0
KL0008	0.0	0.0	0.0	0.0	0.0	43.86705535352645	0.0	8.21498495964377	0.0	4.451133064262505	0.0	0.0	43.466826622567275	0
TT0062	0.0	0.0	0.0	0.0	0.014697726153263096	32.40403753418708	0.0	19.455127174369583	0.0	5.886188159188556	0.02430861094970983	0.07725599658502308	42.13838479856678	0
KL0016	0.025016919013030946	0.3930133567017889	0.012705201011453723	0.0	0.0	26.204001583453667	0.15345170190565388	7.970226986004896	0.0	7.59126127176633	0.005276780444117726	0.6042045128193153	57.04084168687974	0
KL0019	0.0	0.0	0.0	0.0	0.0	44.57334309265124	0.0	10.630473374219122	0.0	5.235188098116705	0.0	0.10955940594355147	39.451436029069384	0
SG0024	0.0	0.04090768970778076	0.0	0.0	0.0	26.609642995604332	0.005166785907027116	19.694698368366133	0.1598690322249907	6.368757540397637	0.01952233249004367	0.06359065486477664	47.03784460043728	0
TT0029	0.0	0.0	0.0	0.0	0.0	36.79326763758847	0.0	27.477083034476944	0.0	5.468844708255717	0.0	0.0	30.260804619678872	0
SG0003	0.0	0.0	0.0	0.0	0.0	26.556835220685326	0.0	42.72336827967092	0.0	6.054472473372409	0.0	0.23194085211328355	24.43338317415806	0
CH0023	0.0	0.1607981550944043	0.010207117973191505	0.0	0.0	26.106200674205727	0.0067036356448254295	26.414996390699276	0.0	6.7996455128254505	0.0	0.05372705998042715	40.44772145357672	0
TT0043	0.0	0.0	0.0	0.0	0.0	39.23200684524337	0.0	16.5109965325386	0.0	5.345459642067144	0.0	0.0	38.91153698015089	0
KL0026	0.0	0.0	0.0	0.0	0.0	28.383147070454516	0.0	31.564966837998814	0.0	5.3118844872924065	0.0	0.12294698562785393	34.617054618626405	0
KL0002	0.019723265411669955	0.2562382145543786	0.0	0.020544717775460904	0.0	16.443466509965614	0.04432230938545707	6.88906908677454	0.0	11.647492266995828	0.008587893813014901	0.01946575042607752	64.65108998489796	0
CH0030	0.0	0.0	0.0	0.0	0.0	24.598575767687834	0.0	42.70308300784315	0.0	5.553822432366778	0.0	0.0	27.144518792102236	0
KL0020	0.010125101930487301	0.15811234282709993	0.0	0.0	0.0	15.003298728878434	0.0	11.332558813318192	0.0	5.755806388220354	0.0	0.0	67.74009862482544	0
KL0006	0.0	0.0	0.0	0.0	0.0	32.11827191184835	0.0	33.94849336701038	0.0	4.437011983519196	0.0	0.0	29.496222737622073	0
SG0001	0.0	0.0	0.0	0.0	0.0	28.966825798816497	0.0	27.579958178113763	0.0	9.796430751204854	0.0	0.1525364314994794	33.504248840365406	0
TT0025	0.0	0.0	0.0	0.1099597281879827	0.0	33.390430623076725	0.0020754777720744704	7.252469349712927	0.0	8.83764563322242	0.0	0.05953164319912231	50.34788754482875	0
KL0035	0.0	0.0	0.0	0.0	0.0	38.53726902413619	0.0	9.143055622635908	0.0	19.301327276904292	0.0	0.09728686041736738	32.92106121590624	0
KL0017	0.0	0.0	0.0	0.0	0.0	35.142716452910086	0.0	26.167397893462546	0.0	4.9767469714440775	0.0	0.0	33.71313868218329	0
TT0045	0.0	0.0	0.0	0.04824107926552134	0.0	49.64434067532609	0.0	5.669512458903233	0.0	2.799904152338204	0.0	0.050299109902697474	41.78770252426425	0
SG0006	0.0	0.0	0.0	0.0	0.0	35.47872788648977	0.0	27.063337503717616	0.0	5.010289172663559	0.0	0.16270518775688697	32.28494024937218	0
TT0034	0.024427306554890862	0.2884424421644771	0.0	0.0	0.0	19.2784306573719	0.014662456092323528	12.341230716981395	0.0	9.03214214983397	0.18288656405776657	0.4014073724436319	58.43637033449964	0
KL0024	0.0661609769201753	0.05835551856913846	0.0	0.19902466270017732	0.0	16.923649803015454	0.017461149547538028	2.71780776477697	0.0	7.653853055588702	0.0	0.09658198048140003	72.26710508840044	0
KL0003	0.07820410165100633	0.38966509353187734	0.023550372392040154	0.012510426367401262	0.13451841161724726	24.469313567987594	0.003311545989203116	5.3010926279204815	0.15442544560272917	8.322255480624081	0.09503483263988448	0.1270187245443274	60.889099369132126	0
CH0055	0.0	0.0	0.0	0.0	0.0	44.55539663732084	0.0	14.833530922739927	0.0	3.2183437008317264	0.0	0.046380822014132114	37.34634791709339	0
KL0009	0.0	0.0	0.0	0.0	0.0	31.611405466566744	0.0	29.07847248672547	0.0	8.38935054365855	0.0	0.1038028472478715	30.816968655801357	0
TT0017	0.0	0.0	0.0	0.0	0.0	26.375309492843414	0.0	41.554065522821055	0.0	6.730605297078014	0.0	0.0	25.340019687257513	1
CH0001	0.05124471740004572	0.0	0.0	0.0	0.00444322798106432	32.07180164966205	0.013981571203240109	23.820823028609112	0.0	4.906817559106838	0.048600133555035466	0.22513815788660244	38.85714995459601	1
KL0037	0.0	0.0	0.0	0.0	0.0	44.41152302076078	0.0	18.412085865201757	0.0	3.8075833149398197	0.0	0.0479753446345452	33.32083245446309	1
AL0002	0.0	0.0	0.0	0.0	0.0	32.74143314927721	0.0	31.143441973878122	0.0	7.23668280808773	0.0	0.24423021287153907	28.6342118558854	1
KL0029	0.0	0.0	0.0	0.0	0.0	50.16527147931469	0.0	8.007043063799323	0.0	3.75557332170033	0.0	0.10037022943108212	37.97174190575458	1
KL0007	0.0	0.0	0.0	0.0	0.0	32.294864506714774	0.03797174249767512	17.24551174265248	0.0	9.682661734729166	0.06651360740596482	0.03790849181720037	40.63456817418273	1
KL0042	0.0	0.0	0.0	0.0	0.0	29.691678663032167	0.0	37.58881972008861	0.0	5.80429620178364	0.0	0.06382284815892601	26.851382566936664	1
KL0027	0.0	0.17681066646626373	0.0	0.17878072648881338	0.0	43.40693040268608	0.0	13.829724649139399	0.0	4.373769586249154	0.0	0.0	38.03398396897028	1
KL0041	0.0	0.0	0.0	0.0	0.0	31.549114936718937	0.0	35.000087830987944	0.0	6.286974712543512	0.0	0.0	27.16382251974962	0
TT0009	0.0	0.0	0.0	0.0	0.0	44.9743672670376	0.0	9.127729375499946	0.0	3.4195131941692116	0.0	0.26058120168134147	42.217808961611894	1
TT0030	0.0	0.23383481119945243	0.0	0.0	0.0	23.231791447109593	0.0043750973102729875	8.114802793195144	0.3365804477341758	7.811855229038242	0.07096830214375544	0.12767063371004686	60.06812123855932	1
KL0021	0.0	0.18604973424230772	0.0	0.0	0.0	23.168215105118183	0.0	30.316481116652287	0.0	4.625687638268146	0.0	0.0	41.70356640571908	1
CH0020	0.0	0.0	0.0	0.0	0.0	32.55010330102813	0.0	27.572513082517652	0.0	5.3400273185895415	0.0	0.11997556499039631	34.41738073287427	1
CH0019	0.0	0.0	0.0	0.0	0.0	29.49117345613018	0.0	40.135957427455686	0.0	4.592673311840253	0.0	0.09367176569405353	25.686524038879828	1
KL0040	0.0	0.0	0.0	0.0	0.0	33.26497912362752	0.0	31.933271465392053	0.0	6.865709840821157	0.0	0.0	27.93603957015926	1
TT0012	0.0	0.0	0.0	0.0	0.0	43.814599617772046	0.0	12.276366461411966	0.0	4.955839870975823	0.0	0.16970682598746917	38.78348722385269	1
SG0012	0.006914636259076749	0.0225036564698412	0.1549458566209179	0.0	0.0	15.679802799138928	0.006149456802104327	3.3024992191291904	0.0083225603294717	9.780498075734794	0.0	0.005403983159957813	71.03295975635572	1
KL0031	0.0	0.0	0.0	0.0	0.0	30.957084296720456	0.0	15.648800504386932	0.03500574643731151	6.304984038516183	0.0	0.14676107254008333	46.907364341399045	1
TT0005	0.0	0.0	0.0	0.0	0.0	43.512692695244866	0.0	11.143395474454566	0.0	4.837219449453254	0.0	0.0	40.506692380847305	1
KL0014	0.16331410075452257	0.0	0.0	0.0	0.0	43.17472023865946	0.0	15.302142045637158	0.0	5.9595900794255	0.0	0.0	35.40023353552336	1
KL0025	0.0	0.0	0.0	0.0	0.0	50.19832646666279	0.0	8.333093279284805	0.0	4.439348399738809	0.0	0.07600907353104147	36.95322278078256	1
KL0028	0.21135238498116815	0.0	0.0	0.0	0.0	40.068489820788386	0.007074930630402626	18.493153467997107	0.0	4.611464909981567	0.0	0.05443937441273472	36.554025111208624	1
KL0012	0.0	0.0	0.0	0.0	0.0	47.983316789132	0.0	9.861688437687416	0.0	5.644023471050805	0.0	0.048369596565941655	36.462601705563834	1
KL0039	0.0	0.0	0.0	0.0	0.0	42.88317747216933	0.0	14.692615037094962	0.0	7.346475603847158	0.0	0.0	35.07773188688856	1
KL0018	0.010972428075658302	0.23873072287020533	0.0016808851754644264	0.06214569066605275	0.0	22.820895464317843	0.0	16.736282005982538	0.0	5.283773244702998	0.0	0.0	54.84551955820923	0
SG0028	0.0	0.0	0.0	0.0	0.0	35.893096635446916	0.010604426205150685	22.337375098644703	0.0	7.107632593693568	0.0	0.24609935062307936	34.40519189538659	0
TT0014	0.0	0.0	0.0	0.0	0.0	25.222903135223234	0.0	44.868533099946724	0.0	5.327063149720261	0.0	0.0	24.581500615109782	0
KL0004	0.0	0.0	0.0	0.0	0.0	29.620339165993748	0.0	23.06621237189378	0.0	6.4916076025064955	0.0	0.11827364908364511	40.70356721052232	0
TT0063	0.05116473200601745	0.16548705864950725	0.0	0.09016444990344448	0.0	20.945623963751753	0.047094719721254626	9.903545396758705	0.0	7.361682626303079	0.2332626104575386	0.4614546892336672	60.74051975321504	0
SG0002	0.0	0.0	0.0	0.0	0.0	26.094279770266365	0.0	42.13950702448805	0.0	4.506274523213959	0.0	0.11085028161153902	27.1490884004201	0
CH0006	0.0	0.0	0.0	0.0	0.0	26.973966438513497	0.0	43.09853264389322	0.0	6.889850897747511	0.0	0.09882576058117898	22.938824259264592	0
CH0035	0.0	0.0	0.0	0.0	0.0	25.894213845395264	0.0	19.145884051171326	0.08565142758911891	8.033588575463664	0.0	0.05394688299902459	46.786715217381605	0
KL0013	0.0	0.0	0.0	0.0	0.0	40.03037298894591	0.0	19.5312595792762	0.0	5.741429959895928	0.0	0.14800972852438565	34.548927743357574	0
CH0039	0.0	0.0	0.0	0.0	0.0	26.5212883920415	0.0	40.116156066020615	0.0	7.842037752377191	0.0	0.08862865935861722	25.431889130202073	0
TT0021	0.0	0.0	0.0	0.0	0.0	31.787272334235688	0.0	22.800337140888846	0.0	5.6511724002863115	0.0	0.0	39.761218124589156	0
TT0067	0.0	0.0	0.0	0.0	0.0	38.520914902964904	0.0	18.239815401412866	0.0	5.087628594736917	0.0	0.0	38.15164110088531	0
TT0061	0.06204519246868303	0.06733408170914648	0.0	0.0	0.0	16.860928843605024	0.008530052540614699	3.4166755388125796	0.0	10.543202295777721	0.0	0.5907446766587215	68.4505393184275	0
SG0025	0.0	0.0	0.0	0.0	0.0	44.05243275900029	0.0	5.369453962681393	0.0	6.204933267247707	0.0	0.0	44.373180011070616	0
AL0003	0.0	0.0	0.0	0.0	0.0	41.48578950823749	0.0	25.081564048765483	0.0	5.757198818349609	0.0	0.0	27.675447624647425	0
TT0069	0.0	0.037690629616672855	0.0069660073112881955	0.0	0.0	23.913360107754038	0.0019109995511900283	9.378131011294634	0.017137313915747538	6.894799910458425	0.0	0.057268181493085955	59.692735838604925	0
TT0049	0.0	0.0	0.0	0.0	0.0	32.12633557896973	0.0	27.323952633982344	0.0	6.8771002844843	0.0	0.22594435116755998	33.446667151396056	0
TT0042	0.0	0.0	0.0	0.0	0.0	36.4200721744984	0.0	28.22647048895383	0.0	4.7690230432164045	0.0	0.0	30.58443429333136	0
TT0059	0.0	0.0	0.0	0.0	0.0	45.91408770756357	0.0	7.679609244667701	0.0	5.139555341635729	0.026280031117003194	0.07260140792006518	41.16786626709593	0
TT0016	0.0	0.0	0.0	0.0	0.0	50.57169301530834	0.0	6.984985202092667	0.0	2.75040156063357	0.0	0.04683746758111304	39.64608275438431	0
KL0010	0.017623357640375283	0.12097580258797812	0.0	0.11760609342991377	0.0	23.168974008850512	0.005079641448599288	13.445859890776072	0.011986107569231364	7.444160313860312	0.0	0.0	55.667734783837005	0
TT0018	0.048099128954513806	0.040571127229862364	0.0	0.0	0.0	18.391146531249134	0.001986390509425625	5.083398529965092	0.11515201833316266	10.077908307863389	0.013673716830516082	0.12909158860049225	66.09897266046441	0
TT0048	0.0	0.0	0.0	0.0	0.0	33.36464515975408	0.0	29.0202311678834	0.0	7.657412614744999	0.0	0.12106554852254214	29.83664550909499	0
SG0031	0.0	0.0	0.0	0.0	0.0	43.48379000895603	0.0	7.2777731946488124	0.0	4.894172379365829	0.0	0.0	44.34426441702933	0
CH0022	0.0	0.0	0.0	0.0	0.0	25.892976922002138	0.0	48.12680839700861	0.0	3.7083042071348395	0.0	0.0	22.27191047385442	0
TT0051	0.0	0.0	0.0	0.0	0.0	24.10957649024896	0.0	48.985917137767494	0.0	3.2811859138904365	0.03627992743094773	0.0	23.587040530662158	0
TT0060	0.0	0.0	0.0	0.0	0.0	32.226591766901464	0.0	15.58976101498388	0.04062206849537371	9.476266359317101	0.0	0.0	42.66675879030218	0
KL0011	0.019352784985218672	0.14071022494079155	0.0	0.0736563683333417	0.0	27.37645276190917	0.014798302023611907	13.228714890414157	0.0	8.220376962347036	0.008159533570318912	0.07978141176099669	50.83799675971535	0
TT0003	0.07476461573695951	0.0	0.0	0.0	0.0	35.365026557077506	0.0	11.699143422132712	0.059555514485830026	8.282872624980616	0.0	0.06111331682069378	44.45752394876569	0
AL0004	0.0	0.0	0.0	0.0	0.0	39.741158278238636	0.0	25.284760284304603	0.0	6.4214738075410445	0.0	0.0	28.55260762991571	0
TT0053	0.0	0.0	0.0	0.0	0.0	43.33811150421465	0.0	10.577454085118838	0.0	4.442997898274116	0.0	0.0	41.64143651239239	0
CH0038	0.0	0.0	0.0	0.0	0.0	26.200478079634525	0.0	42.02317673887465	0.0	5.926742819200014	0.0	0.14478752187612798	25.704814840414674	0
DU0089	0.0	0.0	0.0	0.0	0.0	28.333447587405242	0.0	26.855312663553764	0.0	6.016610167151733	0.0	0.04261201500559262	38.752017566883666	0
DU0002	0.0	0.0	0.0	0.0	0.0	48.59752595975116	0.0	15.606745296029073	0.0	3.869958590281862	0.0	0.14782449295486366	31.777945660983026	0
DU0005	0.0	0.09816974652021931	0.0	0.0	0.0	26.665986166795143	0.0	7.6656131336700835	0.024403254590677687	6.320983937204459	0.0	0.024348051374982676	59.200495709844425	0
DU0064	0.0	0.0	0.0	0.0	0.0	44.843864008254045	0.006794493945763062	2.141368076336399	0.02610217381650039	5.17331595095269	0.0	0.07881609702026203	47.72973919967435	0
DU0010	0.02149978264063146	0.01453843161482226	0.03463547149281318	0.0	0.0	26.917397878216935	0.0	3.553542257328894	0.19653297687139956	5.839892653857551	0.0	0.05565186579225676	63.3663086821847	0
DU0013	0.0	0.0	0.0	0.0	0.0	56.25702433820992	0.0	2.423122686285712	0.0	4.752166644315391	0.0	0.0	36.56768633118896	0
DU0038	0.0	0.0	0.0	0.020343626750043774	0.0	50.29642772685193	0.0	10.020006861838985	0.0	3.154299222999951	0.0	0.052146060439966675	36.45677650111913	0
DU0059	0.0	0.11192751831186941	0.0	0.0076472777660247645	0.0	32.873936856974225	0.0	1.2892626066214818	0.0	6.599356307855405	0.0	0.04426745013777278	59.07360198233322	0
DU0099	0.0	0.0	0.0	0.0	0.0	48.51868836977695	0.0	4.38708797883773	0.0	3.6634231101375243	0.0	0.0	43.43080054124779	0
DU0083	0.0	0.07528016529904322	0.0	0.0	0.0	42.630963185282106	0.0	18.190545535050532	0.0	5.674861996005022	0.0	0.09825517809906496	33.33009394026421	0
DU0087	0.051893507859371184	0.043462948731358204	0.07401223454426605	0.0	0.0	31.982772836624186	0.004752832003355127	9.217722392095624	0.0	6.846635724037629	0.021607420807419935	0.034601541597925625	51.72253856169886	0
DU0058	0.0	0.17887427497776384	0.0	0.0	0.0	22.431484161451028	0.0025116790062119686	2.5537865972120923	0.23913365010361678	8.707995410073641	0.0	0.03985932325628613	65.84635490391936	0
DU0019	0.0	0.0336572109415526	0.0	0.0	0.0	45.59550317569233	0.0	4.261015094364653	0.011669012028847216	3.0249367384053976	0.0	0.0	47.07321876856722	0
DU0012	0.0	0.0	0.0	0.0	0.0	64.3340697073482	0.0	0.8411862816046403	0.0	4.404995987316976	0.0	0.0	30.419748023730175	0
DU0017	0.016713809773381164	0.6481567648385491	0.0	0.0069647361566289165	0.0	31.73624029702094	0.0	2.1639028874130775	0.04335903407980912	5.635299661839356	0.0	0.010324211330241846	59.739038597548024	0
TBS466	0.0	0.0	0.0	0.0	0.0	41.09632148011141	0.0	25.300177839277833	0.0	5.272648862122368	0.0	0.0	28.330851818488377	0
TBS556	0.0	0.0	0.0	0.0	0.0	35.707603996313026	0.0	26.24395938876362	0.0	9.899976047486772	0.0	0.0	28.148460567436583	0
TBS516	0.0	0.045826672649199464	0.0	0.013628054105235434	0.0	33.04644138070995	0.011748933125450238	4.872484600405742	0.11431100437509199	7.968598618811089	0.0	0.027014177399059515	53.89994655841919	0
TTS1301	0.0	0.0	0.0	0.0	0.0	47.21203122014633	0.0	17.621175605158115	0.0	5.909626163739132	0.0	0.06882895384326312	29.18833805711315	0
TBS277	0.0	0.0	0.0	0.16888818109483725	0.0	47.78467392301508	0.0	9.809375749152617	0.0	4.07776779094882	0.0	0.10940433397065755	38.04989002181799	0
TBS035	0.0	0.0	0.0	0.0	0.0	44.11257755873274	0.0	19.413901504488795	0.0	4.827892015665962	0.0	0.07241340346966742	31.573215517642833	0
TBS524	0.0	0.0	0.0	0.0	0.0	53.380765571844556	0.0	8.552059647285981	0.0	4.451180025807297	0.0	0.05109390912451628	33.56490084593764	0
TBS442	0.0	0.0	0.0	0.0	0.0	45.54284723643937	0.0	8.58574073856178	0.0	7.374034229308542	0.0	0.0	38.497377795690305	0
TBS664	0.0	0.0	0.0	0.0	0.0	42.24897811494168	0.0	18.066883831549593	0.0	7.385749464333764	0.0	0.12175901867625144	32.17662957049871	0
TBS469	0.0	0.0	0.0	0.0	0.0	56.94215974728455	0.0	5.596016508457516	0.0	3.162485647333483	0.0	0.0	34.29933809692446	0
TTS1194	0.0	0.0	0.0	0.0	0.0	40.91831350621394	0.0	10.800960146046284	0.0	5.739748641553171	0.0	0.23327295964172806	42.30770474654488	0
TBS349	0.0	0.10015904588661462	0.0	0.0	0.0	41.96156593530429	0.0	13.10073303954106	0.0	3.9502743474858373	0.0	0.0	40.8872676317822	0
TBS160	0.0	0.0	0.0	0.0	0.0	57.950395051048574	0.0	1.4811928923853388	0.0	3.9475874976115355	0.0	0.11125355840779293	36.50957100054676	0
TTS1189	0.0	0.07399570058195426	0.0	0.0	0.0	46.082799931495785	0.0	2.381194351608354	0.0	6.688390347446773	0.08185670323447433	0.3658078606265973	44.32595510500606	0
TTS1170	0.0	0.0	0.0	0.0	0.0	46.05059123336632	0.0	12.979105638625283	0.0	6.621087857344644	0.0	0.0	34.349215270663755	0
TTS1210	0.08313480160165897	0.10570591841640746	0.39312796305183434	0.04729212669228766	0.0	32.909748851009	0.011545855275981775	1.050033273605259	0.0	7.103567107630806	0.005823367290142813	0.07505625579615086	58.21496447963048	0
TTS1149	0.12419565449765	0.0688261323988188	0.0	0.09477319555578857	0.0	47.95234901026589	0.07981250610662353	8.255076729088625	0.0	4.002800103863077	0.06670299802203332	0.1377346794892969	39.217728990712196	0
TTS1134	0.0	0.0	0.0	0.0	0.0	52.33913598355016	0.00895824808836592	3.734939545092053	0.0	5.981236612252264	0.03745097224454434	0.0	37.89827863877263	0
TTS1118	0.17569316382342962	0.0	0.0	0.0	0.0	40.690449412559275	0.0	14.18065335546412	0.0	11.362413846513794	0.0	0.0	33.59079022163938	0
TTS1120	0.0	0.0	0.0	0.10731519620644367	0.0	30.633495295245012	0.0	11.039263260117053	0.0	9.07278725405946	0.0	0.2464194845184013	48.90071950985363	0
TTS1203	0.0	0.0	0.0	0.0	0.0	41.04445840600249	0.0	21.503287289433892	0.0	6.222068340013455	0.0	0.13811340770039016	31.092072556849775	0
TTS1188	0.1449139526300954	0.05482813976573557	0.0	0.29214978892608046	0.0	20.672501280842607	0.03201939840956926	2.5721594269382875	0.0	7.483455795105293	0.29507613582332937	0.13684775647242595	68.31604832508657	0
DU0047	0.0	0.0	0.0	0.0	0.0	48.07565695675741	0.0	15.152032788814706	0.0	4.42443252687524	1.7970941304170345	0.06969869119749106	30.481084905938115	1
DU0076	0.0	0.11309319877351458	0.0	0.0	0.0	31.93162851593972	0.0	4.106693963235998	0.06383240263061406	7.541496503325859	0.0	0.05562015397920265	56.18763526211508	1
DU0034	0.0	0.14455965264685622	0.0	0.0	0.0	28.799737139353926	0.0	3.9435055690885887	0.024634167861862902	8.479217103648718	0.0	0.0	58.60834636740005	1
DU0071	0.0	0.0	0.0	0.0	0.0	51.55690733392152	0.0	9.522288894451092	0.0	3.6159617288774863	0.0	0.10605094510046512	35.19879109764945	1
DU0077	0.0	0.3436012654936506	0.0	0.0	0.0	28.812722203830983	0.0	2.940471061676355	0.0	6.368903502011904	0.005621999046189065	0.029379286617081685	61.499300681323845	1
DU0004	0.0	0.0	0.0	0.0	0.0	39.16206587008858	0.0	18.55783927841603	0.0	5.492534477424964	0.0	0.13803168139784394	36.6495286926726	1
TBS365	0.0	0.0	0.0	0.0	0.0	56.70230663062079	0.0	7.180001561301521	0.0	4.526340331535351	0.0	0.0	31.591351476542336	0
TBS425	0.0	0.0	0.0	0.0	0.0	45.58987738260869	0.0	15.172661038914	0.0	5.316507424122576	0.0	0.05030266255872209	33.870651491796025	1
TBS011	0.0	0.0	0.0	0.0499450065639013	0.0	42.079309101780765	0.0	6.17848287776857	0.03237135407654665	5.927873887134582	0.0	0.052075888313681096	45.67994188436196	1
TTS1223	0.0	0.0	0.0	0.0	0.0	44.20621224517607	0.0	21.210252634143067	0.0	5.123275237160261	0.0	0.0	29.4602598835206	1
TBS387	0.0	0.0	0.0	0.0	0.0	61.8715127763219	0.0	5.827887632278792	0.0	5.979974626867207	0.0	0.0	26.32062496453209	1
TBS596	0.0	0.0	0.0	0.0	0.0	50.41385673370874	0.0	12.880498849033314	0.0	4.005100984760665	0.0	0.0	32.70054343249728	1
TTS1204	0.07617476454422417	0.21903314424384707	0.0	0.0	0.0	35.5253070644414	0.01733087326852719	4.462414715697995	0.0	6.954106498457284	0.02107612228441447	0.019694875255552614	52.704861941806755	1
TBS480	0.0	0.0	0.0	0.0	0.0	62.6316170820009	0.0	0.48676303219074796	0.0	3.799650340921258	0.0	0.0	33.08196954488708	1
TBS150	0.0	0.0	0.0	0.0	0.0	39.35058866686208	0.0	26.749174576378028	0.0	6.07870188094481	0.0	0.06321754885740255	27.758317326957677	1
TBS165	0.0	0.0	0.0	0.0	0.0	33.805263536722684	0.005212731365767998	12.936517056900598	0.09239861875747478	7.389878935642656	0.017837520223832365	0.2853853340758401	45.46750626631114	1
TTS1214	0.0	0.12433203892188609	0.0	0.0	0.0	38.02126348597358	0.0	6.888149687635068	0.09159544907027428	5.4474146469029625	0.0	0.06110254094189282	49.36614215055433	1
TTS1146	0.0	0.0	0.0	0.0	0.0	36.44248065661344	0.0	31.44316366949125	0.0	7.050546832716041	0.0	0.0	25.063808841179284	1
TTS1200	0.0	0.0	0.0	0.0	0.0	37.020171263084315	0.0	11.789208921663057	0.0	9.385155402510945	0.0	0.0	41.80546441274169	1
TTS1111	0.0	0.0	0.0	0.0	0.0	46.983478148583956	0.0	12.158499770449302	0.0	5.320467860793405	0.0	0.06888600922987746	35.468668210943484	1
TTS1115	0.0	0.0	0.0	0.0	0.0	51.94616737986749	0.0	9.462625883463655	0.0	4.137274151648009	0.0	0.0	34.453932585020844	1
DU0074	0.0	0.07488575670052601	0.0	0.0	0.0	50.254357400739245	0.0	8.428083739625118	0.0	5.323942639735659	0.0	0.08235769858009687	35.83637276461936	0
DU0063	0.0	0.0	0.0	0.0	0.0	45.02682786625474	0.004412024896032235	1.648353795769044	0.0	5.216054892106828	0.014213478679325604	0.11604265805861257	47.97409528423542	0
DU0007	0.0	0.0	0.0	0.0	0.0	58.290510964937866	0.0	0.7845771554343994	0.0	5.973273612528832	0.0	0.0	34.95163826709891	0
TBS385	0.0	0.0	0.0	0.0	0.0	56.91698393876716	0.0	5.297232091758863	0.0	4.708141911904037	0.0	0.0	33.07764205756993	0
TBS396	0.0	0.0	0.0	0.0	0.0	45.70384323033209	0.0	11.662421548228451	0.0	4.330487693971182	0.0	0.11526469679619589	38.18798283067209	0
TBS435	0.0	0.0	0.0	0.0	0.0	40.569639508828025	0.0	30.076574684354675	0.0	4.870451698860217	0.0	0.06357931518184928	24.419754792775223	0
TBS461	0.0	0.0	0.0	0.0	0.0	58.4865659444354	0.0	1.116401918543288	0.0	3.828274132209305	0.0	0.0	36.56875800481201	0
TBS467	0.0	0.0	0.0	0.0	0.0	50.00821101280417	0.0	8.761968460354282	0.08265231925093144	4.701514801759595	0.0	0.0	36.44565340583101	0
TBS672	0.0	0.0	0.0	0.0	0.0	48.11991774941633	0.0	14.78417818416546	0.0	4.357402183311525	0.0	0.0	32.738501883106686	0
TTS1205	0.0	0.0	0.0	0.0	0.0	44.19344500651834	0.0	15.763876243295059	0.0	5.735422981181881	0.02004068821323015	0.0	34.2872150807915	0
TTS1330	0.0	0.0	0.0	0.0	0.0	38.12236109790072	0.0	23.202087952565787	0.0	8.582285588956868	0.0	0.0	30.093265360576616	0
TTS1320	0.0	0.0	0.0	0.0	0.0	44.377241593996224	0.0	7.915186605473785	0.0	6.008009579720688	0.0	0.2690069021916269	41.430555318617685	0
TBS006	0.06922975472708992	0.0	0.055923648530747896	0.0	0.0	41.28165381682566	0.028734509171993362	5.220487310507208	0.0655752784092448	5.946171042295701	0.10394968941565218	0.06732522304949713	47.160949727067205	0
TBS663	0.09370049130149374	0.0	0.0	0.0	0.0	49.59237821617378	0.0	7.063229216257638	0.0	3.915555987006757	0.0	0.16815028205122248	39.166985807209116	0
TBS670	0.0	0.0	0.021216697273625445	0.023260577255763908	0.0	35.87979922914945	0.0	11.923171252357653	0.03126818926722813	3.4217452429340627	0.015214518832620831	0.26594625875131633	48.418378034178275	0
TTS1131	0.0	0.0	0.0	0.0	0.0	49.79679559803213	0.0	12.032390811066836	0.0	3.5015039269765715	0.0	0.0	34.66930966392446	0
TBS656	0.0	0.0	0.0	0.0	0.0	47.56912185041949	0.0	18.012458279226138	0.0	3.4206834994424775	0.0	0.0	30.997736370911888	0
TBS479	0.0	0.0	0.0	0.0	0.0	61.41573898317778	0.0	1.209952556086789	0.0	3.4779174279866605	0.0	0.14060901638937223	33.75578201635939	0
TTS1272	0.0	0.0	0.0	0.0	0.0	43.17813030667972	0.008065212294631674	20.816767943091868	0.0	3.8992552979039576	0.02473352151010167	0.18782612396978024	31.88522159454993	0
TBS668	0.0	0.0	0.0	0.0	0.0	35.58813463978476	0.0	36.776902061143176	0.0	3.7830686500492554	0.0	0.1470192584435644	23.704875390579247	0
TTS1263	0.0	0.0	0.0	0.0	0.0	42.11947260961239	0.0	23.747444931192337	0.0	4.2243007536819945	0.0	0.08307603627354575	29.825705669239746	0
TBS468	0.0	0.0	0.0	0.0	0.0	39.29281474221009	0.0	20.263569397543492	0.0	10.447768211028896	0.0	0.0	29.995847649217517	0
TBS671	0.0	0.0	0.0	0.0	0.0	36.791376815523115	0.0	21.837261628594437	0.0	8.700901340363238	0.0	0.0855089966636062	32.584951218855615	0
TBS002	0.0	0.07844885656950934	0.0	0.0	0.0	57.785488457369816	0.0	1.585727440777447	0.0	4.60092398243718	0.0	0.13712990964902214	35.81228135319702	0
TTS1160	0.0	0.0	0.0	0.0	0.0	42.29067792047343	0.0	18.984004456981378	0.0	6.704647978590611	0.0	0.0	32.020669643954584	0
TTS1212	0.0	0.0	0.0	0.0	0.0	44.617174215380324	0.0	20.474924296189606	0.0	5.220662703987517	0.0	0.0	29.687238784442556	0
TTS1106	0.03973070005841929	0.06325263195889413	0.0	0.11524521028756772	0.0	38.88116213004057	0.011056545966983885	7.990020427521402	0.22138945354631842	6.057222771969045	0.0	0.37379344079803795	46.24712668785277	0
TTS1108	0.0	0.0	0.0	0.0	0.0	37.85436044527526	0.0	20.777431795115767	0.035773551374674285	6.174686628315318	0.0	0.22128599277626426	34.936461587142716	0
TTS1116	0.0	0.0	0.0	0.0	0.0	48.43761246261593	0.0	12.563665416881358	0.0	4.564715016742469	0.0	0.06887010714218259	34.36513699661805	0
TTS1122	0.0	0.0	0.0	0.0	0.0	43.902277035301694	0.0	19.05492924376151	0.0	4.836090888289841	0.0	0.050287896270852867	32.156414936376095	0
IT338	0.0	0.0	0.0	0.0	0.0	51.464995563980565	0.0	1.1477742874241113	0.09732568826801641	4.14954411556023	0.0	0.07674332918709224	43.06361701557999	0
IT381	0.0	0.0	0.0	0.0	0.0	48.807589261563635	0.0	2.210601397124379	0.0	4.911319671166417	0.0	0.04993748292348549	44.02055218722208	0
IT361	0.1347839132233399	0.0	0.16233025076050234	0.016656897049309838	0.0	28.47328016832747	0.013151783212837252	1.9799205152953803	0.05096683576239299	8.479337415042812	0.02038552335006707	0.07888534285921013	60.590301355116694	0
IT148	0.0	0.0	0.0	0.019981206410542907	0.0	49.56132688040192	0.0	4.834278593013741	0.0	5.365278917501349	0.0	0.0	40.219134402672445	0
IT230	0.0	0.0	0.0	0.0	0.0	39.86545087620726	0.0	25.719614909214823	0.0	5.4988739885904225	0.0	0.09891838902396659	28.817141836963533	1
IT254	0.0	0.0	0.0	0.0	0.0	46.28190105217042	0.0	2.5067958794228447	0.0	6.496364202812085	0.0	0.08190965129492124	44.63302921429973	1
IT311	0.06169596465508062	0.47467504830370194	0.0	0.0	0.0	26.39863122180178	0.007459684315303538	2.620057332960472	1.6117237477873372	8.647880165388614	0.012470859867023783	0.026196664461523682	60.13920931045917	1
IT202	0.0	0.0	0.0	0.0	0.0	56.89754178043559	0.0	1.623675163028979	0.0	4.059774142816433	0.0	0.07838137614840385	37.34062753757059	0
IT226	0.0	0.0	0.0	0.0	0.0	50.46246328225219	0.0	9.545558798724684	0.0	4.027220471895801	0.0	0.05114415992300557	35.91361328720432	0
TBE0005	0.0	0.0	0.0	0.0	0.0	37.846389693097606	0.0	18.645202231528007	0.0	6.475785143487369	0.0	0.0690177647952834	36.96360516709174	1
TH0008	0.0	0.0	0.0	0.0	0.0	35.33926325206466	0.0	24.651588755159334	0.0	3.723530564568885	0.0	0.0	36.285617428207125	0
TBE0015	0.012739252899526878	0.18330224407180024	0.14495766870901255	0.23868823438579068	0.0	21.554010522555984	0.04099159555256367	3.858149120436184	1.1221491141269013	7.896141897336477	0.06317648580852014	0.061410521858175166	64.82428334225906	0
TBE0013	0.0	0.0	0.0	0.0	0.0	35.4754242676222	0.005684589656804936	19.00180455522624	0.23019628117526264	4.565971865787107	0.0	0.0	40.72091844053239	0
SBE0007	0.2383807141695347	0.15515453567166532	0.10508649959645314	0.0	0.0	24.70705788310818	0.02122131456214785	4.693911337191211	0.04891479018999123	8.382355474870337	0.11109769749731416	0.19393423375303967	61.34288551939012	0
IT236	0.0	0.0	0.0	0.0	0.0	54.14891018813446	0.0	1.6343352739971588	0.0	3.4294083592637574	0.0	0.050583864472591535	40.73676231413203	0
IT309	0.06629736377589321	0.0	0.0	0.0	0.0	41.82923494751401	0.0	10.331535086110113	0.06431621923085316	6.013843929126534	0.0	0.0	41.694772454242596	0
SBE0011	0.0	0.0	0.0	0.0	0.0	34.33618862624215	0.0	24.97967341131311	0.0	6.314555688941555	0.0	0.09797969873800996	34.271602574765176	0
IT261	0.0	0.0	0.0	0.0	0.0	46.751413715847285	0.0	11.567019617515095	0.0	4.289891054955913	0.0	0.0	37.3916756116817	1
SBE0009	0.0	0.0	0.0	0.0	0.0	36.43617680213877	0.0	24.250769813294692	0.0	6.011799633365874	0.0	0.10101821150158477	33.20023553969909	0
TBE0001	0.0	0.0	0.0	0.0	0.0	42.5004008244631	0.0	13.359916267116773	0.0	6.520933875774761	0.0	0.04753363311687545	37.57121539952849	0
TBE0011	0.0	0.0	0.0	0.0	0.0	43.74099028760518	0.0	15.704729612502769	0.0	4.208669748155082	0.0	0.07663812101310619	36.268972230723875	0
SBE0015	0.0	0.0	0.0	0.0	0.0	42.64962304186357	0.0	15.102345942584716	0.0	5.916427547075642	0.0	0.1757915502616482	36.15581191821443	0
TH0007	0.0	0.0	0.0	0.0	0.0	30.374962958361067	0.0	26.331470101964282	0.0	6.713333648159267	0.0	0.04573896966811871	36.534494321847255	0
SBE0010	0.0	0.0	0.0	0.0	0.0	28.23776770545008	0.010407433016987369	15.768117178512785	0.17967067623447783	4.771383556710645	0.0	0.020319037416204472	51.01233441265881	0
TBE0007	0.0	0.0	0.0	0.0	0.0	30.552539638797725	0.0	28.125540248121574	0.0	4.90475133057412	3.14871609459477	0.0	33.268452687911804	0
TBE0004	0.23617545279310612	0.11314561813599007	0.0	0.0	0.0	21.83035118733323	0.0020032361856055776	11.002797765326976	0.0	6.938356083170298	0.4037632626809195	0.37485744280386146	59.09854995157002	1
TBE0014	0.021460921664758013	0.1498966534322435	0.0	0.011739410048010952	0.0	21.783792160814976	0.010308581301059598	6.680130562673398	0.0	7.03775410010477	0.33258465350472627	0.0	63.97233295645606	0
TH0016	0.02336070827153607	0.1692131163030471	0.0	0.058089260347370594	0.0	20.513225818082315	0.006341680225395889	4.315417228871266	0.18059871951714246	3.8209443274803543	0.004997882830445968	0.016110656120812385	70.89170060195032	0
IT271	0.0	0.0	0.0	0.0	0.0	50.671205278422995	0.004489208243309298	1.6701979768874446	0.0	4.057015855927385	0.0	0.07195914619903615	43.52513253431984	0
SBE0008	0.0	0.0	0.0	0.0	0.0	42.47901270254561	0.0	17.334213174182953	0.0	3.947902510375201	0.012366694305871237	0.0	36.22650491859037	0
IT173	0.0	0.0	0.0	0.0	0.0	36.673655968376046	0.0	18.31441035000228	0.0	7.909512339616274	0.0	0.0	37.10242134200539	0
TBE0003	0.0	0.0	0.0	0.0	0.0	35.12055774328941	0.0	29.003430199741924	0.0	5.466127363501718	0.0	0.05458506530012128	30.355299628166843	0
TBE0002	0.0	0.09943965270966122	0.0	0.0	0.0	24.621725064983064	0.0	26.9783676996722	0.21397956570861337	5.540677961925516	0.0	0.07345466578163592	42.47235538921932	0
IT85	0.0	0.0	0.0	0.0	0.0	38.43943253117622	0.0	23.125337380348007	0.0	2.9870415831096913	0.019506440295384547	0.06679380174110333	35.36188826332959	0
IT11	0.0	0.0	0.0	0.0	0.0	47.85991685067546	0.0	5.949183060305062	0.0	7.367396344095811	0.0	0.0	38.82350374492368	1
IT257	0.0	0.0	0.0	0.0	0.0	54.52274260749709	0.0	2.3192263420832675	0.0	3.667459604477461	0.0	0.0	39.49057144594219	1
TT0040	0.0	0.0	0.0	0.0	0.0	30.88665292822062	0.0	36.49970926872107	0.0	5.482731174731625	0.0	0.0	27.130906628326684	0
TH0017	0.0	0.0	0.0	0.0	0.0	44.69977068602655	0.0	9.01477593870829	0.0	4.107831899276816	0.0	0.1439997098349824	42.03362176615336	0
IT52	0.0	0.0	0.0	0.0	0.0	49.45409724341986	0.0	5.214101873697636	0.0	3.883196503430259	0.0	0.08562107466131975	41.36298330479092	1
TBE0008	0.0	0.0	0.0	0.0	0.0	39.923778792002054	0.0	17.16647482052599	0.0	7.400542078822888	0.0	0.09317379122839081	35.41603051742065	1
IT323	0.0	0.0	0.0	0.0	0.0	55.338877509600536	0.0	1.2651207126088617	0.0	2.142420986737528	0.0	0.17601887195063637	41.07756191910243	0
IT339	0.0	0.0	0.0	0.0	0.0	48.6639626269342	0.0	1.6950413409939766	0.0	5.166233013449815	0.0	0.0	44.47476301862201	0
SBE0018	0.0	0.0	0.0	0.0	0.0	36.84756631942992	0.0	28.251613667467506	0.0	4.17838995470035	0.0	0.06420140907956573	30.658228649322655	0
IT337	0.0	0.0	0.0	0.0	0.0	49.317347751717634	0.0	10.863310379971502	0.0	4.934799514130106	0.0	0.07588571292028373	34.80865664126048	0
TTS1141	0.0	0.4630313479732328	0.0	0.0	0.0	43.53297333266162	0.007758719135434988	5.673937537967852	0.04226775353218606	5.412096654372416	0.04644907006824558	0.0	44.821485584289015	0
IT103	0.0	0.0	0.0	0.0	0.0	46.94821887812784	0.0	10.22730823152405	0.0	7.71786217449024	0.0	0.10259561142674192	35.00401510443113	1
SBE0003	0.0	0.0	0.0	0.0	0.0	32.76633244039979	0.02223119482300267	16.33509591189878	0.2568865072952773	6.6904621793334025	0.0	0.1574713625404931	43.77152040370925	1
SBE0004	0.0	0.0	0.0	0.0	0.0	40.63367292370921	0.0	17.902658682361157	0.0	3.2337934950312395	0.0	0.18732640933546257	38.04254848956292	0
SBE0006	0.0	0.18588146101282513	0.0	0.17396440399821186	0.0	28.329209842018237	0.02682742913776204	10.465161810835397	0.14077758495378923	7.256234510153223	0.0	0.2509975505419232	53.170945407348626	0
TH0019	0.0	0.08165489467919372	0.0	0.0	0.0	36.79588167182097	0.0	20.318445061979435	0.0	4.950277540138029	0.0	0.0	37.85374083138237	0
CH0002	0.2940406497301845	0.10733309076442067	0.0	0.13703411729876538	0.0	27.81278101524025	0.005942455948693858	14.184316496402245	0.0	7.2722631885812055	0.13569567031633845	0.06274168677176303	49.98785162894613	0
TBE0010	0.0	0.0	0.0	0.0	0.0	36.04213494172294	0.0	18.763888660841747	0.0	7.002216063387341	0.0	0.0792853143982453	38.112475019649715	0
TT0033	0.0	0.18610984400932268	0.0	0.0	0.0	20.57324267308942	0.0626605395268356	8.303382592389944	0.07293074103756561	9.583568557874168	0.08381801247544039	0.39295154866766685	60.741335490929636	0
TBE0009	0.0	0.0	0.010468893378415058	0.0	0.0	25.331882436951076	0.017004287452592415	24.36099391525987	0.0	7.700318758200781	0.04884668673668401	0.31130300845449105	42.2191820135661	0
IT315	0.0	0.0	0.0	0.0	0.0	54.46983295664389	0.0	1.004549255026386	0.0	2.291133294591997	0.0	0.0	42.234484493737725	0
TBE0016	0.0	0.0	0.0	0.0	0.0	41.417167294577276	0.0	16.36517337784294	0.0	4.911408607712946	0.0	0.0	37.306250719866846	0
SBE0012	0.0	0.0	0.0	0.0	0.0	38.408008387651485	0.0	23.904269962839113	0.0	3.750372147958215	0.0	0.15545982338938455	33.781889678161804	0
TBE0006	0.0	0.16644261724820927	0.0	0.0	0.0	27.282849576736535	0.019486360366117738	5.66733445464877	0.0	6.458620479871621	0.009411195288253614	0.1942670589894408	60.20158825685107	0
TBE0012	0.0	0.11051900139432382	0.0	0.05377112776518108	0.0	33.88277127307555	0.0	6.999367484853533	0.2517972024609611	4.913668973542503	0.0	0.05129882867763283	53.73680610823032	0
IT222	0.0	0.0	0.0	0.0	0.0	52.91795938562836	0.0	2.196452535732294	0.0	3.177241686964117	0.0	0.05566766433366735	41.65267872734157	1
IT197	0.0	0.0	0.0	0.0	0.0	50.50905090178953	0.0	9.756079496646212	0.0	3.8209878777625237	0.0	0.0977380135611468	35.8161437102406	0
